-196.77117999240517 191.91352798940528 2 
95.22846273295045 -79.53315450480733 3 
97.90664095997334 89.53818514521885 0 
-202.17140530376003 199.81531582762318 2 
101.17206099703162 -104.14126567193398 3 
101.21307959407136 99.49796949019822 0 
119.5348756960334 96.12750275699295 0 
100.80087084104173 89.59212435713499 0 
98.04982046093687 88.58223910275933 0 
-206.1030722595825 193.45267687100056 2 
99.6361217654968 109.26618146892548 0 
-203.52956102628707 205.52782187210568 2 
102.22745064668595 82.7590165856015 0 
87.86984723710799 -106.99220841453266 3 
105.67278032177148 106.382398627604 0 
-147.0603989544187 -146.6350604515423 1 
117.63348590883044 101.48594264062979 0 
-132.48009628972846 -137.81396621022412 1 
103.79157716440477 -116.97817728804327 3 
100.31928073659526 -92.01075789307635 3 
100.9442591267848 105.70160306107994 0 
114.3233912303752 117.4254815606887 0 
87.58256206533684 -27.650146329974007 3 
88.82400112632945 -99.14919530802254 3 
-140.21935864866177 -153.68710231410736 1 
-152.4878149310169 -142.91826701192753 1 
-152.44917227576764 -155.85041912773946 1 
-191.2501390104809 198.65249088124523 2 
-202.09314383941285 199.52206555175866 2 
98.07986783934638 -101.5897765035885 3 
103.69139290908811 -115.75754546104221 3 
-146.17019259090983 -155.02569042665013 1 
87.39961797349531 74.51018151924609 0 
100.91301003102757 94.8515205456207 0 
-152.60675532563886 -136.44373213798642 1 
109.04432623936282 149.21566034026614 3 
-202.63858690100918 217.22941045057257 2 
-144.42840206982723 -147.76648128376686 1 
-203.473902586657 191.10494445151676 2 
-206.78948590256653 -86.34595732308938 3 
-156.27314449933743 -145.41237805069395 1 
103.75406815163541 99.2725685192998 0 
101.27237679647732 103.06573744512468 0 
-206.46220413516244 200.75605052883583 2 
-211.81209547971108 190.97228103766406 2 
-136.21260879000076 -140.98031281770986 1 
143.00549909605252 -144.943950344812 1 
105.20528927749302 91.91063845290506 0 
106.3533425138408 -99.0850529630035 3 
-210.12096571721338 217.7248213775972 2 
-142.1851211988294 -156.7049473672105 1 
-184.54681098429168 209.21449642632496 2 
-196.48555596388218 208.29383710403954 2 
126.37839847622405 -129.72965164924173 1 
113.80395094988472 97.33336832496582 0 
90.07369913139291 105.10194383105511 0 
96.49312702278905 -98.66349656224415 3 
87.79656244086198 -98.55941310229412 3 
-167.48295528697682 -156.82850684047537 1 
107.72983195416339 98.38243017709158 0 
-148.41556437063096 -147.31167892378164 1 
-199.29448733399403 205.13112569497537 2 
-169.9050093931333 -145.27219902820445 1 
121.73918526608526 -104.67626043283306 3 
-194.17924291818622 204.12213581072166 2 
80.20711731307944 96.42324398779544 0 
-154.73314646884035 -142.23764668148246 1 
90.48707085509545 88.22824009516182 0 
-144.74693717425396 -147.26137030215446 1 
-205.13522770931684 194.57000533128826 2 
91.0217534177383 102.50742949024914 0 
-186.38482148254727 206.92192553856808 2 
-156.99844666605668 -173.69462305209186 1 
95.56294802062177 -113.50377434270194 3 
-140.96490018812094 -156.38271384534016 1 
-154.9292197384501 -144.47712287601135 1 
-150.92473398995853 -142.47845911348952 1 
-153.51738718250218 -146.7902293426503 1 
-188.64557642634622 211.09071359909348 2 
84.62214988901815 -89.43351299625624 3 
109.27453524695017 80.8357536689079 0 
-145.87602129543146 -145.16111564645095 1 
106.29115129967414 -99.46686131150199 3 
-152.97556057963675 -169.44986199575555 1 
110.99243525964448 -98.42523869844692 3 
92.91948856589562 -92.78316313306831 3 
96.09405970835184 92.51830171821041 0 
-191.67400760868384 181.32008076495993 2 
-191.71926593583123 202.80908381857284 2 
94.05462193892362 -114.57301967839763 3 
-144.8647938883204 -159.29483869566747 1 
-159.06466453768792 -152.68205455637954 1 
90.28891112931609 -100.0802704059769 3 
-153.53720175364418 -145.87870486107568 1 
-198.92820930176532 194.90650049759608 2 
77.31079697236794 99.72756812897529 0 
91.73235993444808 98.72077364046328 0 
95.53421322642293 -100.53648187800127 3 
113.26614087414026 -84.66592690482807 3 
103.18056236291261 -105.06508381630849 3 
-188.70117451293365 220.47301846858522 2 
96.68438485053582 -92.29622483970951 3 
98.58152317979062 86.87872068106589 0 
102.8394868277374 92.52556818389525 0 
114.34199796453436 96.4560148441642 0 
-198.24618093184583 190.8352189402887 2 
-151.33545042127264 -146.35644628572228 1 
-164.8302401491957 -165.28365102203628 1 
-204.52072295025226 200.8301222390466 2 
-138.06103245028646 -155.13358035784543 1 
103.44383173749145 96.37820545526381 0 
96.67052012714919 -99.2716455727741 3 
-204.74768011068886 189.81909235130388 2 
-139.45853319595426 -146.00672335095913 1 
110.56602322881844 -101.54277568973998 3 
105.27171007325228 -88.58415601647042 3 
113.52921015706914 -98.86209056042767 3 
87.18532839127954 -118.1345592311464 3 
-205.94637769513244 190.18969880484207 2 
101.85089823591647 -100.13145904623019 3 
115.15708386734656 86.01974515059521 0 
96.24502410523672 -97.27881978276201 3 
105.76136881456478 -89.57015766594142 3 
93.16255405448476 90.14692420717262 0 
95.84817387074173 120.17610388292684 0 
-143.18614820189936 -150.14662924254682 1 
-121.20121577392757 -156.99830835570913 1 
-203.98335857937195 197.73089701843008 2 
91.43671571389535 101.87792041396614 0 
99.70102574712706 96.27495727934127 0 
-158.10483510812986 -163.81082021645682 1 
90.1653979141982 87.5986778997547 0 
-199.13661169600613 209.52221911367945 2 
93.22449746238351 100.38249409072489 0 
93.82218461178064 -86.48585403421052 3 
-158.00145166398207 -141.45323329277272 1 
97.28920965266701 -84.77649914522166 3 
103.70943260631532 -101.96529027147793 3 
95.77908335830557 -91.7978317891475 3 
-266.4648913437775 98.03127667313242 0 
99.5061783320973 -71.6663180820128 3 
109.72285226137961 -102.56561725946688 3 
95.24366178126536 -85.98705200938343 3 
90.46188889464128 108.84516759087182 0 
94.60224127465102 -108.6624919468369 3 
109.77787932274191 106.11406443753629 0 
93.48665266183747 117.73939424575514 0 
110.15857847884376 -107.17103656766528 3 
-224.58486407642027 202.25316510859983 2 
97.59470489575625 84.30290630879455 0 
-196.0186667389293 199.53754630661905 2 
96.01158441438736 85.04910430549381 0 
-133.7854906754195 -142.97956520531164 1 
-207.57901162587456 192.43926406573075 2 
75.67901139290609 104.835653861455 0 
-158.5468946743653 -138.65786433930663 1 
96.35713898246189 -99.59327424909316 3 
-187.56090334215975 207.12690476070526 2 
102.0715405076304 97.45655773091886 0 
8.486603855536032 -141.9345718509497 1 
101.98004931181714 -115.83875487641478 3 
94.84570025314144 -105.16229091966426 3 
82.36993755768214 -104.52523277770257 3 
116.71870870132011 92.46513857566384 0 
-190.84404366414515 205.0427471841623 2 
-130.75486313602494 -165.75950406252937 1 
117.14279412625592 102.62875602106175 0 
-200.61281497647062 190.30074675047007 2 
-150.85044654352174 -150.6425476241501 1 
65.88202630054025 -81.45153445469913 3 
-139.9891180179228 -152.54861952244025 1 
115.01325883327115 -103.01410954610873 3 
101.06394867293415 -98.00181183014465 3 
86.71825992001999 -88.2437650384476 3 
-138.0476660143365 -152.85224650665126 1 
-183.30238367804014 201.8555234041021 2 
-218.16326615396332 200.57310751871586 2 
109.91860845137336 97.98958616428348 0 
84.10326493958758 84.84468418989593 0 
-185.24474198854782 200.08732980692594 2 
110.12677487981767 98.56610278736821 0 
98.25250449044916 105.70281614887165 0 
99.89193465864463 76.69224899400876 0 
90.0315843866619 103.64118867565253 0 
-163.3441576012397 -154.1376307196054 1 
84.61348598987075 -97.37396727349812 3 
117.92511317642465 94.42575255685762 0 
100.85571763616872 -115.37821640667377 3 
102.78614824855794 88.86654061045516 0 
105.78936952233278 -87.5256710524881 3 
102.57664007345022 -108.42117625993438 3 
80.63937230555894 102.14424105266397 0 
-197.25486012669768 202.69627189722797 2 
90.5353069122234 -99.32502929137641 3 
-214.04943719456222 198.9139108785423 2 
91.57341448262252 -86.94099440905057 3 
111.80345309684674 -105.63970311413007 3 
97.71634129521743 -95.56539743443412 3 
-207.61814932505138 219.89609195954256 2 
97.99859611167625 -90.27328558152564 3 
-141.38243226538384 -153.64675696038282 1 
-142.88123737111002 -159.01521887523776 1 
-147.67570829254964 -144.3465481752592 1 
97.01574994682602 -103.46344133910554 3 
92.19538489284753 -85.53636346026889 3 
-161.77834406781128 -151.0362132739571 1 
119.05667263087241 -98.01098109249992 3 
-167.8172965669048 -146.91120045256244 1 
-188.89943857452488 200.78970105341227 2 
-201.4514338643254 212.57775858343712 2 
101.88075281022651 -94.19290317534595 3 
96.516000486471 -113.32185406137714 3 
-152.89610861535004 -132.14174449344029 1 
-185.3930943125852 187.3711221513031 2 
103.2516081865096 -108.55384657861421 3 
-158.5677430741663 -157.22041474076832 1 
-156.74620895306654 -144.36223283768683 1 
111.01906095684456 112.49346865281382 0 
81.22456478899602 -83.68958792498279 3 
110.26044531006892 98.2658301749413 0 
-127.74904510501815 -152.43302325199647 1 
120.85832604991612 -116.35116464486745 3 
-142.7459757425933 -141.3599964204551 1 
-161.69226465889878 -166.60348549475793 1 
104.02045933071258 -101.12682542949312 3 
118.77367924938068 -101.09106977951171 3 
90.35807674921233 -114.2707311148292 3 
98.64583545160758 99.7437430283315 0 
98.65804526148082 119.85919792504728 0 
87.4286468400515 -95.63716160828653 3 
105.0245980094918 100.79801861962613 0 
101.49385741463163 -98.8748069472806 3 
98.71439915746487 98.40022608829332 0 
109.8570913250503 81.2687886232514 0 
101.8376832646498 104.09571868763248 0 
-205.30467155541314 196.570678480234 2 
95.65811874585017 -106.09644833632214 3 
104.1036567646392 100.98171018801503 0 
102.00459804537854 -102.69641112188205 3 
86.40817552508781 93.70989644218571 0 
-184.1588446300917 216.77622849380862 2 
-153.30644852732382 -160.9442265703497 1 
-208.76451097171176 188.80847471665982 2 
-147.48402091782918 -158.6392231261263 1 
98.99807650841319 -122.31561135072266 3 
-170.55067649629765 -145.6807433771883 1 
112.50679018171661 -99.30051831654828 3 
84.9460021864898 96.14005682718118 0 
100.60295164166212 -88.18214299451154 3 
112.99708185970928 -108.30706666366703 3 
-206.69137453955946 189.53127930937978 2 
-144.4784692079149 -151.9539742732063 1 
95.52927103828608 -100.82314461915237 3 
100.25942596934271 113.5623963000055 0 
-152.2435238556323 -144.90445516111333 1 
101.46085585534973 98.12262020361135 0 
-201.6329199554666 190.40410197180535 2 
101.13546605416724 110.7168338795268 0 
100.6202196554434 84.50453838044854 0 
-192.6157021493688 187.78783162930506 2 
93.99796581088867 -108.01120660434128 3 
-206.57599173034652 201.2110669935077 2 
-165.15440004034434 -126.34885092849964 1 
102.47435449765521 116.40397987155262 0 
-153.7164339561212 -156.3126237339165 1 
90.08313047213 -111.12713969725328 3 
92.99352206382042 81.68093416405344 0 
-148.9349741333997 -157.06363698840553 1 
83.951389833895 -224.3768759860237 0 
-217.59941746699565 188.7694373038401 2 
-145.73757588737172 -163.3634960036242 1 
111.01669230917526 105.80358071156888 0 
-158.35092116151023 -151.13391637213692 1 
114.27697476889296 -92.80748533187531 3 
-194.6452522461688 198.0828509865877 2 
97.59484536233452 102.62917148622228 0 
102.2853075081884 93.15796238228336 0 
81.86917769682975 114.1373670596081 0 
-187.98474043045346 181.82168412826945 2 
-45.234155811084406 206.47355928694304 2 
-139.22936882667193 -150.164320793635 1 
109.98044550207567 -107.77378695976151 3 
-147.69702268986362 -133.618710574945 1 
-145.99988139408015 -166.1581012955044 1 
104.23396150682373 97.76076229290538 0 
-142.79251936641356 -159.12296351710592 1 
-216.6313190066615 191.37675889967824 2 
95.75635168102747 -102.02238588010883 3 
-202.1781605409904 226.81792822668103 2 
-141.4821458080002 -138.6545090405805 1 
-184.33695442731923 194.2375806086951 2 
108.89431249213015 -99.5101369928226 3 
-144.69030231972332 -157.7384762747603 1 
-222.9004235532973 198.91330344973505 2 
-141.0628892920666 -131.07228612423242 1 
-207.3399330389747 203.00755584525064 2 
-209.7752407059786 199.29312138432493 2 
91.31408400411982 -110.8732098719068 3 
-138.79385631115656 -157.0664755316547 1 
-140.84344017138625 -135.80885312564254 1 
115.15098042154273 108.30478689705842 0 
-202.8945519584828 214.60674933361565 2 
-190.25830921528478 196.56455254989368 2 
-190.3144071504426 214.02672409303852 2 
-143.0581623611145 -130.97530271951757 1 
-172.56664875784014 -155.59098062885764 1 
264.4585458004384 180.0363884990316 2 
106.6359353121884 86.13104501191049 0 
110.96096781098794 105.78197492661496 0 
-191.89466835443875 198.85051255341085 2 
83.92365996001536 -114.0324282801887 3 
-200.0847738589792 221.70912120142043 2 
-186.04467531461034 210.17536230648204 2 
-205.33186538559437 202.81385494425916 2 
-150.76657805274675 -150.6341885559137 1 
85.1465370389484 -98.85247778023981 3 
-141.21412840259615 -147.3161820946032 1 
-196.0130864501717 198.8974835689201 2 
83.72395832086198 100.110808712135 0 
91.57013608399922 106.96715584268156 0 
105.43844335450024 -101.22990720631185 3 
-144.36178080620172 -136.36084728658906 1 
-140.28864565921248 -150.98041478766206 1 
94.90491861775104 101.47470762576131 0 
-145.96525732001246 -142.0473681853609 1 
-150.3884335625149 -158.00534515654417 1 
100.57500877093747 105.09500344355791 0 
107.58617837886027 -94.34522431137898 3 
105.32688444113336 108.00176753715363 0 
109.73296314968235 106.31710600525122 0 
79.40355220154362 -95.97407372075062 3 
89.97686295947727 104.93410341805014 0 
-143.59219638499525 -151.05304675912942 1 
99.91798726205212 -116.51840736091015 3 
-207.2125875963962 179.29192586653863 2 
81.28434014669841 102.14343481404518 0 
-222.5818882290851 197.347295652308 2 
92.18386513473286 99.4614525465077 0 
-205.73680335599482 199.777309900783 2 
111.57603878163161 -90.02586688294895 3 
122.20831928758071 -118.2133058506985 3 
107.64306079978343 122.5940522717458 0 
-139.48793130977663 -168.2902167332364 1 
100.39203065638111 -6.800895165244697 3 
101.02852073982143 109.29688109205989 0 
-153.08825786838915 -157.91902501368804 1 
101.65463035010106 -112.43291565594481 3 
89.68971801214633 -106.17584238091902 3 
102.2291388992175 -111.87131996988273 3 
103.09935286509568 107.68449642196049 0 
-241.68200115069533 204.80468091284195 2 
-191.60866455114504 208.8660261866496 2 
-164.98900511301434 -129.6278604573057 1 
-139.4420405996189 -153.70354072504702 1 
-135.05805034101678 -149.14553205468184 1 
108.12043257276298 114.45970520481097 0 
-206.63756803970554 192.96001775096943 2 
-159.72314587735573 -148.5669415984993 1 
-152.28900456151862 -137.76554589555502 1 
-197.19711643664624 183.75976454345562 2 
94.35322064600143 90.76395114170873 0 
102.19615520884633 97.06733466305644 0 
-193.8568182983862 186.58520036635645 2 
-136.81877746777062 -138.057315615112 1 
-204.59863077456004 192.36894445777642 2 
111.024470698762 -106.99511025226357 3 
-175.0590598805087 -142.50514439998216 1 
89.84293781565736 -96.03498509236078 3 
105.80226238948381 -95.97480715997577 3 
99.47603862771592 -109.7314396573264 3 
-162.5914877273689 -139.5097686469744 1 
99.0681586073274 -100.08725693323152 3 
101.07092523859268 103.58321277608889 0 
114.14567776953959 95.46779259572003 0 
-148.11364694635017 -136.55587314567782 1 
94.84859816618939 93.65746257174715 0 
-194.914873248378 198.49402430373493 2 
-193.45952605049945 210.43969491414288 2 
-146.56050361658788 -147.730245049254 1 
-150.88791204268432 -156.515532534847 1 
82.9733498668964 -85.92369074504785 3 
105.1153661098914 -111.56119431256047 3 
108.19118689588254 116.96227859254418 0 
83.14137367371114 102.31408562589161 0 
104.83664682599863 90.13491993452777 0 
101.41115797567136 -111.90220752708487 3 
-148.84007204228826 -128.20118917709732 1 
103.17875339082292 86.8724936893899 0 
-195.40935278660925 196.18835504062702 2 
110.9111120690975 -111.87403471870948 3 
-155.69994192830586 -147.3707393329429 1 
-171.15944605969378 -139.8090556306524 1 
105.93616828514286 -96.51352822241978 3 
-202.74363357117153 206.34980303612758 2 
95.98573308583667 94.76492277292112 0 
96.23767420642588 -94.9052112833194 3 
119.36995757488052 -75.3218269200733 3 
94.73711945039747 95.7021974314481 0 
-201.22606116654907 205.32829023417116 2 
84.8243403196924 -112.05379502472132 3 
-166.4658498976035 -159.55468601194482 1 
104.45740804208225 100.01849590266642 0 
93.80780552196296 -102.18059399286543 3 
98.92450415861953 92.17903539248357 0 
-155.67587135448898 -136.4722703339284 1 
-150.18028072618876 -128.33584370476973 1 
110.56760317359999 94.59052616748596 0 
-198.70446390432642 219.66744754395575 2 
91.08250943122925 -102.34617811995815 3 
-147.86107429983718 -143.4836670973656 1 
113.02152985235483 225.12212382825737 0 
94.31367299679101 112.47487752165466 0 
-157.97122696602383 -147.40967237365038 1 
108.65288860062537 -79.23837269638335 3 
-196.74458672029442 190.10217646593327 2 
-193.5284815876418 193.86719882033242 2 
-192.12449800211772 217.31437288504844 2 
118.58497267141752 88.04992630439841 0 
103.58195489042254 -112.53526521760838 3 
-153.9704640001095 -139.33254433586285 1 
91.32183459805339 -95.73020024827235 3 
93.29754835552143 -99.21715778244928 3 
98.87720402774539 -100.31947478019663 3 
102.54500956269345 101.20986054299345 0 
-194.46766385358876 207.66649096453045 2 
-143.00936111186252 -139.28161073555665 1 
-169.12502125834334 -141.26851505860645 1 
99.27968844482581 99.31223189715035 0 
-144.01896548969512 -157.9933009347235 1 
-198.07886427751058 210.14468932054444 2 
96.3588720414017 88.02717475010951 0 
-192.5275051112646 193.96332390572547 2 
-194.96354982002083 208.91885822278755 2 
-147.29579035485497 -143.74217685573223 1 
-160.12117290060394 -154.24701021180718 1 
-198.34596334944538 204.1283978475464 2 
95.96296512837 103.4013716048417 0 
-148.0099576645969 227.0227388409304 1 
96.77559130766446 97.48010140142429 0 
-200.15825445169332 198.63260200869126 2 
-137.99932025685715 -165.10991721456202 1 
107.06783228513524 106.18920721773696 0 
-125.82731293769527 -147.62169413305958 1 
96.56295127332663 102.84172585173172 0 
85.2259999465706 -114.30791090888698 3 
116.87852668115391 -89.22066740881198 3 
-145.57313524583176 -143.13269597864928 1 
93.96407860937023 100.84397585709962 0 
-199.12892908157764 203.06949872089382 2 
-205.99620706957242 205.48629633305057 2 
101.7675819693859 -109.01784903329897 3 
-187.84144770356124 210.60730164052381 2 
-153.73148018403214 -138.61360274615646 1 
98.0635419521326 104.21887042199239 0 
89.83987022163001 91.91991057500258 0 
91.0005229243219 -102.43946361163344 3 
-151.4760107113086 -143.047685163512 1 
93.21906033194102 -122.91861290886817 3 
-190.10244772249993 210.3456468512221 2 
-214.05435007146258 191.51020535973458 2 
106.17551789500197 -98.02766767967626 3 
97.39957397461512 -91.5164764099409 3 
120.34182885610329 -274.45098718990994 0 
-204.07636470467622 185.97494840371513 2 
-208.11971172024914 216.47475131264343 2 
-209.29374913306333 204.1913485247871 2 
-191.34349301452374 179.34844198965908 2 
-103.47305174688933 -153.56337907307548 1 
101.58209839911086 111.67467517906596 0 
102.04310046744968 93.0138028408025 0 
-201.73266484792128 199.15084318408105 2 
88.11334414119744 90.43630854667384 0 
-157.8816509754526 -148.0555221169352 1 
110.73161606462088 95.80091243341502 0 
107.16542658550901 -87.35535186693707 3 
-155.73983188162208 -160.29813955339262 1 
-220.60283751881855 215.83937551209863 2 
-176.02929456928422 -156.00252768888362 1 
103.48990612739544 -117.4204561461587 3 
101.84542416156688 91.1650926241245 0 
98.49157440084701 91.4286512710458 0 
-226.91856525816667 212.6414080170705 2 
107.3038803506168 -95.77289133882641 3 
99.43849351895733 -92.25506472299449 3 
112.43188302462733 -103.06431778038393 3 
90.72493964501723 102.85424737759428 0 
115.13737212782252 100.96969115961912 0 
98.64885438079688 101.17460277614822 0 
-192.05505718018458 205.88647935844955 2 
-215.92741340007763 197.2527035923415 2 
-141.892900584787 -154.60425602945008 1 
-152.1163172293785 -141.53518139317777 1 
-151.1979008163579 -159.42841211573608 1 
-143.18057009196778 -154.5274724605483 1 
-215.28099119835605 210.9445083121833 2 
-156.61350701037284 -155.81254697473574 1 
-207.39280506018227 206.69588292134284 2 
-165.06217564664885 -160.45518363715684 1 
88.5142218356184 83.36876365426701 0 
-187.80743877111246 207.29819936731286 2 
108.6556491567847 -100.48738217505664 3 
116.16665471929326 -85.22592779759506 3 
-177.01736706804894 213.21501246389494 2 
112.64972047673842 -114.03781643579211 3 
-280.24648558890163 -146.02842674523825 1 
-174.64935424161393 146.38066896697563 3 
-144.37285670960256 -156.4096562486356 1 
98.59340793339817 80.46106628334735 0 
-148.27879269483955 -159.2403677581348 1 
-144.22978259459296 -135.62948401054882 1 
-148.28419857871708 -147.16436797890128 1 
-142.2453911355146 -133.20252859603542 1 
-138.83894811326098 -143.51430121958387 1 
-187.8820376764699 200.17439595403505 2 
100.39519976562929 90.18530969365406 0 
120.17572234099879 -96.77969852620299 3 
-202.42983914249476 204.48802925453708 2 
109.26340188921557 87.29934580676803 0 
-211.00123704038378 201.65579420038569 2 
87.74114556740182 -110.07115958878333 3 
110.40953148420874 -95.27035513947419 3 
-141.31022565699573 -147.2509401355749 1 
86.01420004933749 -108.57328110815482 3 
110.30519489490132 -115.2120584668624 3 
195.57959389434262 -151.32691975202576 1 
-151.31623745683942 -144.91528158061243 1 
-178.60531360395262 188.88862573019327 2 
-162.35225152344066 -158.70419421836826 1 
-195.74150733462207 205.95914182546653 2 
96.37206970522061 -103.7526796253934 3 
-197.26966744597914 206.475997393951 2 
95.63119330549267 -112.28588282730797 3 
-134.0006512922794 -130.51006427797597 1 
109.43038251692604 -91.7855018328633 3 
88.70095248606691 89.51974301035722 0 
-202.4722727089635 191.24522422499388 2 
106.24930027887882 90.674259228636 0 
-155.91981305035225 -137.537750667409 1 
-202.88468967272235 204.10500729939503 2 
109.27922390249796 111.73412287442994 0 
-188.2935888070009 -108.85829621407905 3 
111.4398235564368 -79.3873805967045 0 
-152.58855861011432 -135.41232992022822 1 
96.52067731733405 105.57911441806698 0 
93.11208996345187 -107.77339289798675 3 
-143.9456250512516 -151.86612372741175 1 
-139.09980415605287 -146.22664492408705 1 
96.08911977534564 101.26251711830156 0 
-141.80104193095676 -157.472983899322 1 
77.07308924825173 -105.88377847332376 3 
-212.71061690964186 194.7137146496787 2 
89.50728141588331 116.56719091945689 0 
-208.99888641148962 187.23748783429647 2 
102.81048500034149 97.40096674166756 0 
102.36376216750426 98.17992488025715 0 
-159.25606218140763 -161.0792186298115 1 
105.33202360255609 -73.96150856417057 3 
113.6339913302694 -97.81030883271603 3 
101.68058298860541 -101.09894114305587 3 
103.5741949713223 -108.87002091604495 3 
103.45480278244702 87.96641157972016 0 
-206.31393766951084 216.93535652266337 2 
-208.12496142836102 200.45860149231157 2 
98.08091502473951 -98.32965212285333 3 
-155.40733167371062 -149.89890958177722 1 
111.44809268849832 -277.69813419275965 0 
-199.80544254568292 202.2433977931325 2 
-189.17089492357405 193.18481771556458 2 
119.25452217444928 81.23030080309269 0 
91.91901650396477 -101.87090076744539 3 
107.11481549803716 106.18942716083768 0 
-149.46207646379835 29.419193397784227 1 
-151.03109814648457 -154.93829961211023 1 
109.91290531495076 110.25675269527267 0 
124.83581313437003 -102.11229628742194 3 
-191.3069192242037 207.69759532966384 2 
84.57726348679518 88.60661157690362 0 
-127.90378742804981 -144.43063211938085 1 
105.84479472164873 117.192162541779 0 
73.88680363101349 93.49556580253915 0 
-202.5698415071391 187.71305008220259 2 
-207.6379933684555 221.6256078034187 2 
94.94310054123429 82.06729247119472 0 
98.44926068748754 96.07198999742985 0 
123.82004635882305 -116.89517436975251 3 
122.61137042861509 93.23946102629799 0 
-159.79581500148953 -148.0147288832929 1 
80.87761408070077 94.13398549324717 0 
-157.8969032181182 -153.34724120436144 1 
-155.7568694503258 -135.76390876488 1 
80.75861460517604 -105.1113488698804 3 
101.69858510108105 50.19210911150975 0 
91.15409444442633 95.86120840780279 0 
-204.10701402517185 197.36917314633666 2 
-211.72759078735848 218.76968918624777 2 
91.21064371553115 98.493479948161 0 
108.43806526394548 95.1259752196774 0 
105.23248161729697 109.57607206827191 0 
93.00826009576025 -118.60180636183671 3 
-189.22330493641493 197.8772152726089 2 
-199.374951671057 196.86725170675538 2 
101.26829110479201 107.18960870257337 0 
90.05003183911197 -102.12225678715669 3 
-198.9810685725011 208.46954528043716 2 
-204.49852399411262 203.16598908106158 2 
104.72728281934133 104.39843753498207 0 
143.21412955217585 -91.91377604625742 3 
103.5606310397983 -90.36999696195682 3 
103.23496557701066 -97.13290800011714 3 
-200.18375759009893 188.11560498916026 2 
-195.96320738201211 212.2941145602215 2 
90.30590280145782 -130.00365233115917 3 
81.66174038642527 99.93262891071635 0 
92.19080601831973 -119.96530947135642 3 
-207.3110998791471 212.3008571165767 2 
-205.9788320577684 204.57778997409469 2 
84.13572542091316 108.63140291030066 0 
-189.359034997462 201.63014708495382 2 
102.46100305183319 -101.15043400491578 3 
-144.0337417814133 -148.07590743694436 1 
107.39262009803315 94.45698357944019 0 
-176.39133093532809 178.17367911636092 2 
104.36181852349381 105.33988858249512 0 
-145.69578551307058 -145.8788587062183 1 
-184.4363201721003 201.39968909432287 2 
-140.79262518704442 -164.65692414804832 1 
-197.2708556229774 207.8641355909374 2 
-141.14123353056567 -159.5319846543624 1 
96.45627080653588 106.79218874636024 0 
107.72448871329914 124.07869640873724 0 
-150.22555978357119 -156.54811923799568 1 
-192.7402561647716 209.51427908638686 2 
97.72765188331812 89.25763563527914 0 
-159.1994948677166 -154.08671729154847 1 
-137.20494428794214 -155.91040886606348 1 
-198.78958295631492 208.95789675032853 2 
89.87770324313595 103.72723887311645 0 
-146.02679833951538 -150.54122246312266 1 
99.13108007136117 108.63970328434414 0 
-162.85199558046753 -157.4416947639959 1 
-213.5894070952403 220.84194868011627 2 
-198.90052448220095 216.41836139738075 2 
101.17934278634783 -103.85427399057241 3 
-203.06686563744626 201.53092950264585 2 
-205.22762793983628 199.82385277928745 2 
-158.47949403286668 -149.82730217901533 1 
102.5398698573855 94.88290086261537 0 
-148.26955842278545 -102.39820924472139 1 
-159.03155359784392 -159.68616472861746 1 
-144.1495357437077 -147.03614850068018 1 
-130.85249623322176 -164.42308851243993 1 
-201.04772605847478 201.55004382882038 2 
-205.76058217560916 194.1745900215517 2 
87.82905530183962 -95.36137882441594 3 
99.95349634933382 -112.49638090245602 3 
104.02351483506982 94.38516966171278 0 
83.53958774384546 112.43046680529392 0 
-150.12920373379154 -151.00565159742686 1 
-162.21791659517865 -160.49845723766649 1 
94.70800330320361 92.86829625737613 0 
-186.21700957130886 202.62937147827597 2 
-135.98612836415504 -150.38156202737787 1 
-202.09551927185268 195.1614035682049 2 
114.00350127167087 197.70885239957278 2 
-135.54932155411652 -154.00730071821752 1 
118.5124975800224 -92.98559876727802 3 
-132.35176569107864 -157.81564002300783 1 
104.06673093163829 91.67561205411403 0 
-218.37783030568153 -216.9710986589775 2 
-190.5485752395499 195.61367783066913 2 
-205.67809847068912 197.4893560522491 2 
96.6805397231164 -85.75123385285431 3 
120.3328116844296 108.12882126003444 0 
94.24352350881014 -107.28218790470524 3 
104.57098964061032 -92.58936981825713 3 
-153.97332388665282 -169.57508057617815 1 
-147.2718896111498 -260.0088446196221 1 
-188.93705023367437 196.1669843989984 2 
85.99797371884807 94.11525432789512 0 
108.27492648501072 -101.43639360909805 3 
-146.91206615250795 -144.34164626682175 1 
-187.09852193108125 214.2334236668985 2 
-207.90583152071554 194.89237936651665 2 
-141.9801992478318 -141.39806489864606 1 
101.70612055749723 90.62465573783834 0 
99.90391907284862 -94.34717471640073 3 
-143.85660232340493 -150.4589931809652 1 
99.91907042725313 109.96863848648076 0 
113.21253230033443 -115.68787733783466 3 
-199.43997568197608 196.21245664052447 2 
-190.39458006166447 179.49263839508478 2 
98.81375410084684 86.6344300366028 0 
103.03719857420867 -94.1162932967411 3 
111.8064723530232 -89.54349594002008 3 
-144.11950271339776 -151.60763682499402 1 
96.34255964150009 103.9650508634345 0 
-200.92902630833657 214.54678851882898 2 
-177.84767606967597 175.3817059462719 2 
-135.0970889969581 -157.79957863694017 1 
-192.02474458650823 203.04611327864035 2 
93.40198009662265 115.55196207810002 0 
-153.08396838879696 -137.5446120514753 1 
92.30883542835193 103.97259625578783 0 
92.93672614702928 94.87602074323797 0 
-215.17800750269174 179.62158144224088 2 
116.9475603329085 92.54917197844634 0 
-196.098346936551 184.77378128476948 2 
97.58672248610964 -88.13321417338273 3 
93.48117187582181 -80.34768554213952 3 
-271.3570842298129 -146.97588655244368 1 
-147.6949899790455 -166.0149483251079 1 
-159.95635019580237 -140.2002728770623 1 
98.32981971828167 -110.14535020208149 3 
109.08131596474516 5.688789404838474 0 
-141.0293344981826 -138.56122728829666 1 
-168.65448800622934 -167.3622457806506 1 
86.96486152518457 102.73784936232244 0 
93.2496152240206 -84.51343662098674 3 
-195.1144117048338 -89.42973304786841 3 
-200.13306790384232 16.70688797285146 2 
-200.07518088863947 200.1352869633273 2 
-202.06269510830512 189.03946931819064 2 
-150.9807964152085 -169.28739478215388 1 
102.14903414158664 98.1673371051042 0 
96.79521654613171 -110.65316155192454 3 
103.11649886197722 -286.8083970415967 3 
82.68443138800461 -100.94125807645821 3 
110.8837995199899 105.59948947520593 0 
-211.6051631897734 200.71336223976846 2 
102.3703211687507 -105.71863973312568 3 
-188.62816905561925 186.95205980841695 2 
108.691762540284 -152.98292478129076 1 
102.67201727574508 -107.64349583283834 3 
85.90008338023279 201.2456741015128 2 
108.32619971901062 101.83571948426305 0 
122.69912365330828 -87.97871624196483 3 
-147.31752650659865 -151.58653923999432 1 
114.8793917002904 94.02510996355898 0 
-155.19259935511485 -145.2516680629172 1 
-225.48881016811828 -100.5983219316204 2 
-214.06275542836894 199.39662272069268 2 
109.73684692977423 -96.07011243896835 3 
101.75622260583918 92.4653976600465 0 
-136.38056466710498 -170.8966016989155 1 
-197.28859872290695 197.88334093763007 2 
-203.49552382340292 215.43331079577524 2 
-158.2451252667184 -139.24679150303947 1 
-180.88975891560807 224.42703423757678 2 
95.60285648650705 119.94243587682774 0 
-154.76941146760805 -149.49088791828896 1 
-196.6080537786176 205.74298507245197 2 
100.821715884551 81.78611838971506 0 
-195.17757451969004 195.08428228705685 2 
-141.93130698815594 -168.7868968124899 1 
115.7626964921439 103.80331354958628 0 
-187.50998674220733 190.3969875192655 2 
-158.77129198743734 -155.7192804170712 1 
-209.62764188891816 207.18080014943092 2 
95.82776621564636 90.34027178283861 0 
-137.18774105675462 -157.6383798867564 1 
87.9544849367478 94.26933825735586 0 
107.29523162011532 -92.74525677659739 3 
103.00860968005196 105.12807918669938 0 
-194.66838688215304 205.35379704626672 2 
104.13563023776987 -92.42769852115796 3 
-154.05541533346334 -158.67320465316809 1 
-207.4389546735627 218.89198079635037 2 
94.13348081592153 95.72622214027848 0 
95.00028533510681 85.80434456024028 0 
102.71702894939313 -85.91498329640677 3 
108.9689042088753 -101.93459427211343 3 
101.40796117787318 94.8777478907852 0 
84.96758828244731 80.1396159115219 0 
-143.6187705889977 -146.7874990332462 1 
100.44238010158256 98.05475770425016 0 
-148.56687467163712 -153.5227463984095 1 
93.10656417796048 -95.46737528092513 3 
-220.97706056281706 205.68157457032686 2 
-159.12181296182132 -165.5818940574016 1 
-180.69077446723009 195.30893994015526 2 
108.5208935019358 94.20650870472542 0 
86.58979943781395 -105.04781664704572 3 
92.55471199566779 -85.0521432485829 3 
94.14868457801316 91.43673313540415 0 
106.50171099897557 -109.15726415915111 3 
-193.71383915738025 207.2302365482604 2 
91.42683645825167 106.06470377427462 0 
102.3362322373398 86.38113328313386 0 
108.4579503458803 96.82721346272501 0 
-196.53040645291387 198.31958676746592 2 
96.83594033360612 87.2290874862473 0 
117.52517669317552 -111.98013717160825 3 
-146.84127266599873 -148.78377188548802 1 
93.97242118171607 -98.69981377163407 3 
-206.69779571007678 208.360856482705 2 
-144.18771984673702 -152.1676165090459 1 
-201.9672729242711 210.86907837549802 2 
-147.7788564807994 -142.17533455155177 1 
103.48597592379599 -112.12471684377968 3 
95.12031231277456 -104.96547143665885 3 
92.68657477972033 88.26165416292832 0 
94.66825889902765 -94.95211930823936 3 
-121.69848359593988 -160.33288148688217 1 
-196.65955529544541 195.65036373813524 2 
100.64368319554927 84.64032713774918 0 
97.96867270213608 93.09472638987967 0 
109.11414262688459 -97.20347235142694 3 
-2.832336444315388 -143.9634853761323 1 
-202.19643330892103 202.61174988860841 2 
-212.0246778349155 193.6239029896015 2 
-133.5988811949767 -149.1812651403202 1 
97.89188396946935 -101.90630077038534 3 
-187.01508038946358 194.9214060473716 2 
88.91751306604056 -99.79053273925146 3 
99.17830673463521 118.13304617798951 0 
117.76216742003368 104.68032840643372 0 
111.99364858485592 -95.71163409487994 3 
-210.34406314562358 188.65351005014293 2 
-157.0827077139149 -160.06294465637495 1 
-174.1023718062964 197.182933505133 2 
-210.42431627249255 189.50193553198164 2 
91.56816966278541 107.66236305921092 0 
101.30392021692171 -94.21289526750368 3 
-140.33686051615564 201.69282172862745 2 
-226.56316965003467 189.60738423864098 2 
-183.56405828494826 196.79701222413837 2 
-134.30215498375318 -145.13709203386512 1 
101.39580204039595 95.11478049687236 0 
100.244610428469 -120.82831612205246 3 
-197.13533254183716 177.78759091345245 2 
91.43448494584936 120.68488648394163 0 
-192.13946523660837 196.97500634482117 2 
-205.46736159690556 216.76796761170317 2 
-137.34208466208676 -163.2301923649753 1 
100.52293906391878 -100.66737987887291 3 
-150.2676841419176 -157.85592726223163 1 
127.56880135555798 -117.36718441440598 3 
-212.22215006183325 205.00108954218047 2 
-148.91543283257133 -169.95146918929223 1 
-158.43317660843337 -147.64620023677327 1 
92.34668437090693 97.72409531393879 0 
-150.54898368588914 -153.39253244881695 1 
-200.40801622198245 202.95477526941352 2 
91.7590012323513 -111.9739962356841 3 
100.55957293611777 -107.8282785598708 3 
-192.65590460888993 199.57795367042104 2 
-155.59817666519197 -137.21952278156357 1 
-171.48552870594577 -147.17737173895458 1 
97.16416009214885 113.32639897628707 0 
-278.48993051344905 113.86112914461768 0 
-189.8556602956925 195.13508848548645 2 
110.86572497809925 -119.81976942565998 3 
100.34845027163908 98.9064248505739 0 
94.00867246389384 82.71324336827809 0 
99.33115101368412 97.24858489103855 0 
-194.920638175208 206.05689614388803 2 
-186.5399479721179 192.33741931940062 2 
-214.7214540228798 206.33036699436775 2 
98.39879782732129 -104.97355794439102 3 
-206.9967800092646 217.3779566570413 2 
-203.6112320714385 200.7044097651056 2 
-205.58778048737457 199.06242598539836 2 
89.7109101459904 101.3103841336548 0 
-153.9504681152156 -133.05323002596455 1 
-209.49331358874878 198.3500022545449 2 
99.327737080323 89.47666068891596 0 
98.73936757939924 -98.1288807697172 3 
96.27348724689705 -106.40737442839387 3 
106.28553503752585 -98.85674079998756 3 
111.13764534272042 -89.41053029115253 3 
89.54521454763858 -109.71974705299209 3 
89.26241554209349 106.81873747317394 0 
99.67298048602055 -91.99657964807017 3 
-150.7830478698029 -157.38021711996905 1 
117.00163320658999 -100.36974644527393 3 
106.87495328692557 -98.07621114710795 3 
-140.273514664206 -158.003834628555 1 
86.31475830852224 96.378996143866 0 
-204.43047026427394 -280.9278822092084 2 
-191.09958078512526 214.48671912208988 2 
102.51080317310027 123.15355113141402 0 
-169.21647049772196 135.72125011375317 1 
88.29563535118058 114.60509183808136 0 
-194.92828765047707 195.22887943365492 2 
-140.9092783740247 -163.657438954279 1 
92.77232507246981 -103.06847747497753 3 
97.47695003887986 106.84861731978725 0 
-151.17777338957598 -157.4086240529786 1 
-141.9422947359926 -152.45999016907632 1 
-194.33571873051957 203.4434776111499 2 
116.05977182438846 82.91175190944273 0 
-151.2397910517451 -132.27077216545825 1 
-154.11339135139912 -142.540488177142 1 
-207.57494192580515 204.52362096063996 2 
101.82545515795385 81.51204256055763 0 
90.97643704985614 142.70079309798717 3 
-166.39533613596402 -136.34471512536766 1 
-139.95981704156685 -152.5217643029159 1 
-190.62104813377056 225.15056803404184 2 
-185.08447860517072 201.18760862200662 2 
77.00326961881547 101.43004633691231 0 
93.60258623188525 86.03953052610854 0 
-208.49700930082005 206.13053398939599 2 
101.68944798968118 -81.15868175082923 3 
-197.14083181162493 191.57044279903812 2 
97.55916192114256 -99.52558779374354 3 
-170.96825193004804 -135.87259965124522 1 
-160.55289585987654 -150.86124359475534 1 
94.08318139839167 98.94353340687553 0 
-12.689951122513207 118.82505341287145 0 
-200.7084394104233 208.84925445366787 2 
109.18573111824821 91.81546416173438 0 
-144.2966463855882 -138.80453553464196 1 
98.51558343806897 111.49855153595252 0 
94.82173205247477 102.36820194531282 0 
99.96257666836448 95.06938541823564 0 
-161.03318917788357 -146.9183766463066 1 
100.59717821635962 -115.10986830562797 3 
91.24837349993925 118.82847682552745 0 
-139.27136589330865 -141.40310624946633 1 
-133.25259951071934 -149.31157513538486 1 
103.20915222774431 -82.76279273298388 3 
-145.66401726874693 -147.6938159162583 1 
-208.86166918860545 210.44089844413304 2 
99.62728392545716 97.41073307329054 0 
-182.77774912829938 204.59807296830462 2 
212.56734937053182 -159.70542127106026 1 
-190.4885821225149 198.19787637058005 2 
-148.9399415808829 -152.70062559137233 1 
101.73870818350127 100.73760928893893 0 
101.79125788048282 -85.7477968031001 3 
82.43717957083368 -94.41582234788089 3 
-151.50366588458826 -149.70730305883825 1 
83.84464428593435 -94.18562545347973 3 
-197.5140674067002 197.26584163401918 2 
-201.89147227829994 209.50247296382327 2 
94.62117306362649 -119.79704310037357 3 
99.83688177255948 86.1128319631253 0 
-193.0355264605513 203.73424645454133 2 
-197.3403298920921 194.42633690274982 2 
-150.85414704619996 -147.2614716222733 1 
108.6446782025086 85.85889243374498 0 
112.02954367210066 -97.25985912468713 3 
102.11910995282517 -109.67476637692707 3 
102.60832481146855 87.13090453300697 0 
-152.69521188246725 -162.4509305983155 1 
-139.5068837180568 -167.5535643718133 1 
113.11857492206548 -102.87135033983347 3 
84.79036309922867 113.2866892248303 0 
-203.0069388030796 208.35135162674692 2 
-220.0831171809573 193.41430712628392 2 
107.70197320589779 99.777015377169 0 
-153.26046949933072 -152.12920244079734 1 
86.94036952486101 -102.65764981368292 3 
102.19903964112001 98.4830984498347 0 
87.42454816182124 -83.94942308544822 3 
95.57706143024376 -83.74730484151479 3 
-190.11163412093688 192.1225486710831 2 
143.71610721475912 -157.4150596083829 1 
100.54239927135183 102.45288264318617 0 
92.35759319754447 -93.3022204077258 3 
103.01036023640711 -106.56147745279989 3 
-145.03786765487607 -138.41996591525026 1 
83.87310322781877 113.62260943490043 0 
-211.9434446712726 196.73427494201434 2 
-138.10854548407622 -148.28069528608336 1 
127.17282852805931 89.97269722203748 0 
124.34281857423156 -102.64498024449549 3 
98.97644742546623 -96.51281302310767 3 
110.34290994298965 -91.96316916775729 3 
90.93672611612698 -93.17169948744677 3 
89.88412927945637 -174.3150345380093 0 
-187.5633153819461 212.40690368650894 2 
90.38208859867586 99.3969021039108 0 
104.18735774939978 -91.68483109033627 3 
101.89183803009456 -95.9814385167592 3 
90.43346013597352 -103.11380785898595 3 
-193.8851008732899 201.44774887972733 2 
-153.79916393500454 -143.1852409214986 1 
-202.39140935245842 192.0522204921307 2 
-206.34370555413778 198.75310772628518 2 
98.97495661932123 -90.26174201038245 3 
68.69606513657362 -164.11538065151038 1 
101.93321368014563 -106.45940743508899 3 
-156.09221472750878 -126.35431725189207 1 
89.36937260596045 82.18209714287303 0 
95.07139318014549 95.75066173504234 0 
80.91751376074933 -107.04076375071509 3 
-173.2333060981028 196.2849316728188 2 
-192.03404767566747 190.24808309947173 2 
101.02616273257752 -117.62428440689996 3 
-162.00992501363248 -148.52372049491618 1 
97.6842303899528 108.14380052667212 0 
99.46059132105574 -100.9800010528881 3 
104.04698162672867 105.57818595239263 0 
-176.7125134181315 206.45912234516078 2 
90.7497723613655 -106.61302062752384 3 
-214.7445190876878 192.82481277938086 2 
-138.89234421868247 -155.80582278699998 1 
88.09490113885784 116.70441297146044 0 
